0 84 87 78 16 94 36 87 93 50 
84 0 22 63 28 91 60 64 27 41 
87 22 0 27 73 37 12 69 68 30 
78 63 27 0 83 31 63 24 68 36 
16 28 73 83 0 30 3 23 59 70 
94 91 37 31 30 0 68 94 57 12 
36 60 12 63 3 68 0 43 30 74 
87 64 69 24 23 94 43 0 22 20 
93 27 68 68 59 57 30 22 0 85 
50 41 30 36 70 12 74 20 85 0 
